time,feet,centimeters,tide
2015-12-31 06:37:00 UTC,6.9,210,H
2015-12-31 12:29:00 UTC,0.7,21,L
2015-12-31 18:49:00 UTC,7.2,219,H
2016-01-01 00:50:00 UTC,0.6,18,L
2016-01-01 07:30:00 UTC,6.8,207,H
2016-01-01 13:20:00 UTC,1.0,30,L
2016-01-01 19:41:00 UTC,7.0,213,H
2016-01-02 01:40:00 UTC,0.8,24,L
2016-01-02 08:20:00 UTC,6.8,207,H
2016-01-02 14:16:00 UTC,1.2,37,L
2016-01-02 20:30:00 UTC,6.8,207,H
2016-01-03 02:31:00 UTC,0.8,24,L
2016-01-03 09:11:00 UTC,6.8,207,H
2016-01-03 15:15:00 UTC,1.2,37,L
2016-01-03 21:20:00 UTC,6.6,201,H
2016-01-04 03:25:00 UTC,0.8,24,L
2016-01-04 10:02:00 UTC,7.0,213,H
2016-01-04 16:13:00 UTC,1.1,34,L
2016-01-04 22:12:00 UTC,6.6,201,H
2016-01-05 04:18:00 UTC,0.6,18,L
2016-01-05 10:54:00 UTC,7.2,219,H
2016-01-05 17:07:00 UTC,0.8,24,L
2016-01-05 23:04:00 UTC,6.7,204,H
2016-01-06 05:10:00 UTC,0.4,12,L
2016-01-06 11:45:00 UTC,7.5,229,H
2016-01-06 17:58:00 UTC,0.5,15,L
2016-01-06 23:56:00 UTC,6.9,210,H
2016-01-07 05:59:00 UTC,0.1,3,L
2016-01-07 12:34:00 UTC,7.8,238,H
2016-01-07 18:46:00 UTC,0.2,6,L
2016-01-08 00:44:00 UTC,7.1,216,H
2016-01-08 06:47:00 UTC,-0.2,-6,L
2016-01-08 13:19:00 UTC,8.2,250,H
2016-01-08 19:33:00 UTC,-0.1,-3,L
2016-01-09 01:30:00 UTC,7.3,223,H
2016-01-09 07:35:00 UTC,-0.4,-12,L
2016-01-09 14:02:00 UTC,8.5,259,H
2016-01-09 20:18:00 UTC,-0.4,-12,L
2016-01-10 02:13:00 UTC,7.5,229,H
2016-01-10 08:21:00 UTC,-0.7,-21,L
2016-01-10 14:44:00 UTC,8.7,265,H
2016-01-10 21:03:00 UTC,-0.6,-18,L
2016-01-11 02:56:00 UTC,7.7,235,H
2016-01-11 09:07:00 UTC,-0.8,-24,L
2016-01-11 15:26:00 UTC,8.7,265,H
2016-01-11 21:47:00 UTC,-0.8,-24,L
2016-01-12 03:40:00 UTC,7.8,238,H
2016-01-12 09:53:00 UTC,-0.9,-27,L
2016-01-12 16:10:00 UTC,8.7,265,H
2016-01-12 22:32:00 UTC,-0.9,-27,L
2016-01-13 04:27:00 UTC,7.9,241,H
2016-01-13 10:40:00 UTC,-0.8,-24,L
2016-01-13 16:58:00 UTC,8.5,259,H
2016-01-13 23:18:00 UTC,-0.9,-27,L
2016-01-14 05:19:00 UTC,7.9,241,H
2016-01-14 11:30:00 UTC,-0.6,-18,L
2016-01-14 17:50:00 UTC,8.3,253,H
2016-01-15 00:06:00 UTC,-0.8,-24,L
2016-01-15 06:15:00 UTC,7.9,241,H
2016-01-15 12:23:00 UTC,-0.3,-9,L
2016-01-15 18:46:00 UTC,7.9,241,H
2016-01-16 00:58:00 UTC,-0.6,-18,L
2016-01-16 07:14:00 UTC,7.9,241,H
2016-01-16 13:23:00 UTC,0.0,0,L
2016-01-16 19:44:00 UTC,7.7,235,H
2016-01-17 01:56:00 UTC,-0.5,-15,L
2016-01-17 08:14:00 UTC,7.9,241,H
2016-01-17 14:30:00 UTC,0.2,6,L
2016-01-17 20:44:00 UTC,7.4,226,H
2016-01-18 02:58:00 UTC,-0.4,-12,L
2016-01-18 09:15:00 UTC,8.0,244,H
2016-01-18 15:39:00 UTC,0.2,6,L
2016-01-18 21:45:00 UTC,7.2,219,H
2016-01-19 04:01:00 UTC,-0.5,-15,L
2016-01-19 10:17:00 UTC,8.1,247,H
2016-01-19 16:46:00 UTC,0.1,3,L
2016-01-19 22:48:00 UTC,7.2,219,H
2016-01-20 05:02:00 UTC,-0.6,-18,L
2016-01-20 11:19:00 UTC,8.2,250,H
2016-01-20 17:46:00 UTC,-0.1,-3,L
2016-01-20 23:49:00 UTC,7.3,223,H
2016-01-21 05:59:00 UTC,-0.7,-21,L
2016-01-21 12:18:00 UTC,8.4,256,H
2016-01-21 18:42:00 UTC,-0.3,-9,L
2016-01-22 00:46:00 UTC,7.4,226,H
2016-01-22 06:52:00 UTC,-0.9,-27,L
2016-01-22 13:12:00 UTC,8.5,259,H
2016-01-22 19:33:00 UTC,-0.4,-12,L
2016-01-23 01:38:00 UTC,7.5,229,H
2016-01-23 07:43:00 UTC,-0.9,-27,L
2016-01-23 14:00:00 UTC,8.6,262,H
2016-01-23 20:20:00 UTC,-0.5,-15,L
2016-01-24 02:25:00 UTC,7.6,232,H
2016-01-24 08:30:00 UTC,-0.9,-27,L
2016-01-24 14:45:00 UTC,8.6,262,H
2016-01-24 21:04:00 UTC,-0.5,-15,L
2016-01-25 03:09:00 UTC,7.6,232,H
2016-01-25 09:15:00 UTC,-0.8,-24,L
2016-01-25 15:26:00 UTC,8.4,256,H
2016-01-25 21:44:00 UTC,-0.4,-12,L
2016-01-26 03:51:00 UTC,7.5,229,H
2016-01-26 09:56:00 UTC,-0.6,-18,L
2016-01-26 16:07:00 UTC,8.1,247,H
2016-01-26 22:22:00 UTC,-0.3,-9,L
2016-01-27 04:33:00 UTC,7.3,223,H
2016-01-27 10:36:00 UTC,-0.3,-9,L
2016-01-27 16:47:00 UTC,7.8,238,H
2016-01-27 22:57:00 UTC,-0.1,-3,L
2016-01-28 05:14:00 UTC,7.1,216,H
2016-01-28 11:15:00 UTC,0.1,3,L
2016-01-28 17:28:00 UTC,7.4,226,H
2016-01-28 23:32:00 UTC,0.2,6,L
2016-01-29 05:58:00 UTC,6.9,210,H
2016-01-29 11:55:00 UTC,0.4,12,L
2016-01-29 18:11:00 UTC,7.1,216,H
2016-01-30 00:08:00 UTC,0.4,12,L
2016-01-30 06:43:00 UTC,6.8,207,H
2016-01-30 12:37:00 UTC,0.7,21,L
2016-01-30 18:56:00 UTC,6.8,207,H
2016-01-31 00:48:00 UTC,0.6,18,L
2016-01-31 07:31:00 UTC,6.7,204,H
2016-01-31 13:26:00 UTC,1.0,30,L
2016-01-31 19:44:00 UTC,6.5,198,H
2016-02-01 01:35:00 UTC,0.7,21,L
2016-02-01 08:20:00 UTC,6.7,204,H
2016-02-01 14:23:00 UTC,1.1,34,L
2016-02-01 20:34:00 UTC,6.4,195,H
2016-02-02 02:29:00 UTC,0.8,24,L
2016-02-02 09:13:00 UTC,6.8,207,H
2016-02-02 15:24:00 UTC,1.1,34,L
2016-02-02 21:27:00 UTC,6.3,192,H
2016-02-03 03:29:00 UTC,0.7,21,L
2016-02-03 10:07:00 UTC,6.9,210,H
2016-02-03 16:25:00 UTC,0.9,27,L
2016-02-03 22:22:00 UTC,6.4,195,H
2016-02-04 04:28:00 UTC,0.5,15,L
2016-02-04 11:03:00 UTC,7.2,219,H
2016-02-04 17:21:00 UTC,0.6,18,L
2016-02-04 23:17:00 UTC,6.7,204,H
2016-02-05 05:25:00 UTC,0.1,3,L
2016-02-05 11:58:00 UTC,7.6,232,H
2016-02-05 18:14:00 UTC,0.2,6,L
2016-02-06 00:11:00 UTC,7.0,213,H
2016-02-06 06:19:00 UTC,-0.2,-6,L
2016-02-06 12:49:00 UTC,8.0,244,H
2016-02-06 19:04:00 UTC,-0.2,-6,L
2016-02-07 01:02:00 UTC,7.4,226,H
2016-02-07 07:10:00 UTC,-0.6,-18,L
2016-02-07 13:37:00 UTC,8.5,259,H
2016-02-07 19:52:00 UTC,-0.7,-21,L
2016-02-08 01:49:00 UTC,7.8,238,H
2016-02-08 08:01:00 UTC,-1.0,-30,L
2016-02-08 14:23:00 UTC,8.8,268,H
2016-02-08 20:39:00 UTC,-1.0,-30,L
2016-02-09 02:36:00 UTC,8.2,250,H
2016-02-09 08:50:00 UTC,-1.2,-37,L
2016-02-09 15:08:00 UTC,8.9,271,H
2016-02-09 21:25:00 UTC,-1.2,-37,L
2016-02-10 03:22:00 UTC,8.4,256,H
2016-02-10 09:38:00 UTC,-1.3,-40,L
2016-02-10 15:54:00 UTC,8.9,271,H
2016-02-10 22:11:00 UTC,-1.4,-43,L
2016-02-11 04:11:00 UTC,8.5,259,H
2016-02-11 10:27:00 UTC,-1.2,-37,L
2016-02-11 16:42:00 UTC,8.7,265,H
2016-02-11 22:57:00 UTC,-1.3,-40,L
2016-02-12 05:02:00 UTC,8.5,259,H
2016-02-12 11:17:00 UTC,-1.0,-30,L
2016-02-12 17:34:00 UTC,8.3,253,H
2016-02-12 23:45:00 UTC,-1.1,-34,L
2016-02-13 05:57:00 UTC,8.4,256,H
2016-02-13 12:10:00 UTC,-0.6,-18,L
2016-02-13 18:30:00 UTC,7.9,241,H
2016-02-14 00:37:00 UTC,-0.8,-24,L
2016-02-14 06:56:00 UTC,8.2,250,H
2016-02-14 13:08:00 UTC,-0.2,-6,L
2016-02-14 19:28:00 UTC,7.5,229,H
2016-02-15 01:33:00 UTC,-0.5,-15,L
2016-02-15 07:56:00 UTC,8.1,247,H
2016-02-15 14:13:00 UTC,0.1,3,L
2016-02-15 20:28:00 UTC,7.2,219,H
2016-02-16 02:36:00 UTC,-0.3,-9,L
2016-02-16 08:57:00 UTC,7.9,241,H
2016-02-16 15:22:00 UTC,0.3,9,L
2016-02-16 21:30:00 UTC,7.0,213,H
2016-02-17 03:41:00 UTC,-0.2,-6,L
2016-02-17 10:00:00 UTC,7.8,238,H
2016-02-17 16:29:00 UTC,0.3,9,L
2016-02-17 22:32:00 UTC,7.0,213,H
2016-02-18 04:45:00 UTC,-0.2,-6,L
2016-02-18 11:02:00 UTC,7.9,241,H
2016-02-18 17:29:00 UTC,0.2,6,L
2016-02-18 23:34:00 UTC,7.1,216,H
2016-02-19 05:43:00 UTC,-0.4,-12,L
2016-02-19 12:01:00 UTC,8.0,244,H
2016-02-19 18:23:00 UTC,0.0,0,L
2016-02-20 00:31:00 UTC,7.3,223,H
2016-02-20 06:36:00 UTC,-0.5,-15,L
2016-02-20 12:54:00 UTC,8.1,247,H
2016-02-20 19:12:00 UTC,-0.2,-6,L
2016-02-21 01:21:00 UTC,7.5,229,H
2016-02-21 07:25:00 UTC,-0.6,-18,L
2016-02-21 13:41:00 UTC,8.2,250,H
2016-02-21 19:57:00 UTC,-0.3,-9,L
2016-02-22 02:06:00 UTC,7.7,235,H
2016-02-22 08:11:00 UTC,-0.6,-18,L
2016-02-22 14:23:00 UTC,8.2,250,H
2016-02-22 20:38:00 UTC,-0.3,-9,L
2016-02-23 02:47:00 UTC,7.7,235,H
2016-02-23 08:53:00 UTC,-0.6,-18,L
2016-02-23 15:02:00 UTC,8.2,250,H
2016-02-23 21:15:00 UTC,-0.3,-9,L
2016-02-24 03:25:00 UTC,7.7,235,H
2016-02-24 09:33:00 UTC,-0.4,-12,L
2016-02-24 15:39:00 UTC,8.0,244,H
2016-02-24 21:50:00 UTC,-0.2,-6,L
2016-02-25 04:03:00 UTC,7.7,235,H
2016-02-25 10:10:00 UTC,-0.2,-6,L
2016-02-25 16:16:00 UTC,7.7,235,H
2016-02-25 22:23:00 UTC,-0.1,-3,L
2016-02-26 04:40:00 UTC,7.5,229,H
2016-02-26 10:46:00 UTC,0.0,0,L
2016-02-26 16:54:00 UTC,7.4,226,H
2016-02-26 22:55:00 UTC,0.1,3,L
2016-02-27 05:17:00 UTC,7.3,223,H
2016-02-27 11:23:00 UTC,0.3,9,L
2016-02-27 17:33:00 UTC,7.1,216,H
2016-02-27 23:29:00 UTC,0.3,9,L
2016-02-28 05:58:00 UTC,7.1,216,H
2016-02-28 12:02:00 UTC,0.6,18,L
2016-02-28 18:15:00 UTC,6.8,207,H
2016-02-29 00:06:00 UTC,0.5,15,L
2016-02-29 06:41:00 UTC,7.0,213,H
2016-02-29 12:47:00 UTC,0.8,24,L
2016-02-29 19:01:00 UTC,6.6,201,H
2016-03-01 00:50:00 UTC,0.7,21,L
2016-03-01 07:30:00 UTC,6.9,210,H
2016-03-01 13:38:00 UTC,1.0,30,L
2016-03-01 19:51:00 UTC,6.4,195,H
2016-03-02 01:42:00 UTC,0.8,24,L
2016-03-02 08:23:00 UTC,6.9,210,H
2016-03-02 14:39:00 UTC,1.1,34,L
2016-03-02 20:45:00 UTC,6.4,195,H
2016-03-03 02:43:00 UTC,0.8,24,L
2016-03-03 09:20:00 UTC,7.0,213,H
2016-03-03 15:43:00 UTC,0.9,27,L
2016-03-03 21:41:00 UTC,6.6,201,H
2016-03-04 03:49:00 UTC,0.6,18,L
2016-03-04 10:20:00 UTC,7.3,223,H
2016-03-04 16:44:00 UTC,0.6,18,L
2016-03-04 22:40:00 UTC,6.9,210,H
2016-03-05 04:52:00 UTC,0.3,9,L
2016-03-05 11:20:00 UTC,7.6,232,H
2016-03-05 17:40:00 UTC,0.2,6,L
2016-03-05 23:38:00 UTC,7.3,223,H
2016-03-06 05:51:00 UTC,-0.1,-3,L
2016-03-06 12:17:00 UTC,8.1,247,H
2016-03-06 18:33:00 UTC,-0.3,-9,L
2016-03-07 00:33:00 UTC,7.8,238,H
2016-03-07 06:47:00 UTC,-0.6,-18,L
2016-03-07 13:10:00 UTC,8.6,262,H
2016-03-07 19:24:00 UTC,-0.7,-21,L
2016-03-08 01:25:00 UTC,8.4,256,H
2016-03-08 07:40:00 UTC,-1.0,-30,L
2016-03-08 13:59:00 UTC,8.9,271,H
2016-03-08 20:13:00 UTC,-1.1,-34,L
2016-03-09 02:14:00 UTC,8.9,271,H
2016-03-09 08:32:00 UTC,-1.3,-40,L
2016-03-09 14:47:00 UTC,9.1,277,H
2016-03-09 21:01:00 UTC,-1.4,-43,L
2016-03-10 03:03:00 UTC,9.2,280,H
2016-03-10 09:23:00 UTC,-1.4,-43,L
2016-03-10 15:35:00 UTC,9.0,274,H
2016-03-10 21:48:00 UTC,-1.5,-46,L
2016-03-11 03:53:00 UTC,9.3,283,H
2016-03-11 10:13:00 UTC,-1.3,-40,L
2016-03-11 16:25:00 UTC,8.8,268,H
2016-03-11 22:35:00 UTC,-1.4,-43,L
2016-03-12 04:44:00 UTC,9.2,280,H
2016-03-12 11:03:00 UTC,-1.1,-34,L
2016-03-12 17:17:00 UTC,8.4,256,H
2016-03-12 23:24:00 UTC,-1.2,-37,L
2016-03-13 05:39:00 UTC,9.0,274,H
2016-03-13 11:56:00 UTC,-0.7,-21,L
2016-03-13 18:13:00 UTC,8.0,244,H
2016-03-14 00:16:00 UTC,-0.8,-24,L
2016-03-14 06:37:00 UTC,8.6,262,H
2016-03-14 12:52:00 UTC,-0.2,-6,L
2016-03-14 19:13:00 UTC,7.6,232,H
2016-03-15 01:12:00 UTC,-0.3,-9,L
2016-03-15 07:37:00 UTC,8.3,253,H
2016-03-15 13:54:00 UTC,0.2,6,L
2016-03-15 20:13:00 UTC,7.3,223,H
2016-03-16 02:15:00 UTC,0.0,0,L
2016-03-16 08:38:00 UTC,8.0,244,H
2016-03-16 15:02:00 UTC,0.5,15,L
2016-03-16 21:14:00 UTC,7.1,216,H
2016-03-17 03:21:00 UTC,0.2,6,L
2016-03-17 09:39:00 UTC,7.8,238,H
2016-03-17 16:08:00 UTC,0.5,15,L
2016-03-17 22:16:00 UTC,7.1,216,H
2016-03-18 04:25:00 UTC,0.2,6,L
2016-03-18 10:40:00 UTC,7.7,235,H
2016-03-18 17:07:00 UTC,0.4,12,L
2016-03-18 23:15:00 UTC,7.2,219,H
2016-03-19 05:24:00 UTC,0.1,3,L
2016-03-19 11:37:00 UTC,7.7,235,H
2016-03-19 17:59:00 UTC,0.3,9,L
2016-03-20 00:10:00 UTC,7.4,226,H
2016-03-20 06:16:00 UTC,0.0,0,L
2016-03-20 12:29:00 UTC,7.8,238,H
2016-03-20 18:45:00 UTC,0.1,3,L
2016-03-21 00:59:00 UTC,7.7,235,H
2016-03-21 07:04:00 UTC,-0.1,-3,L
2016-03-21 13:14:00 UTC,7.9,241,H
2016-03-21 19:27:00 UTC,0.0,0,L
2016-03-22 01:42:00 UTC,7.9,241,H
2016-03-22 07:48:00 UTC,-0.2,-6,L
2016-03-22 13:56:00 UTC,8.0,244,H
2016-03-22 20:06:00 UTC,0.0,0,L
2016-03-23 02:21:00 UTC,8.1,247,H
2016-03-23 08:29:00 UTC,-0.2,-6,L
2016-03-23 14:34:00 UTC,8.0,244,H
2016-03-23 20:43:00 UTC,-0.1,-3,L
2016-03-24 02:58:00 UTC,8.1,247,H
2016-03-24 09:08:00 UTC,-0.2,-6,L
2016-03-24 15:11:00 UTC,7.9,241,H
2016-03-24 21:17:00 UTC,0.0,0,L
2016-03-25 03:33:00 UTC,8.1,247,H
2016-03-25 09:45:00 UTC,-0.1,-3,L
2016-03-25 15:47:00 UTC,7.7,235,H
2016-03-25 21:50:00 UTC,0.1,3,L
2016-03-26 04:08:00 UTC,8.0,244,H
2016-03-26 10:21:00 UTC,0.1,3,L
2016-03-26 16:23:00 UTC,7.4,226,H
2016-03-26 22:23:00 UTC,0.2,6,L
2016-03-27 04:42:00 UTC,7.8,238,H
2016-03-27 10:57:00 UTC,0.3,9,L
2016-03-27 17:00:00 UTC,7.2,219,H
2016-03-27 22:57:00 UTC,0.4,12,L
2016-03-28 05:18:00 UTC,7.6,232,H
2016-03-28 11:35:00 UTC,0.5,15,L
2016-03-28 17:39:00 UTC,6.9,210,H
2016-03-28 23:34:00 UTC,0.6,18,L
2016-03-29 05:59:00 UTC,7.4,226,H
2016-03-29 12:17:00 UTC,0.7,21,L
2016-03-29 18:24:00 UTC,6.7,204,H
2016-03-30 00:16:00 UTC,0.7,21,L
2016-03-30 06:47:00 UTC,7.3,223,H
2016-03-30 13:05:00 UTC,0.9,27,L
2016-03-30 19:14:00 UTC,6.7,204,H
2016-03-31 01:06:00 UTC,0.9,27,L
2016-03-31 07:41:00 UTC,7.3,223,H
2016-03-31 14:02:00 UTC,1.0,30,L
2016-03-31 20:09:00 UTC,6.7,204,H
2016-04-01 02:07:00 UTC,0.9,27,L
2016-04-01 08:40:00 UTC,7.3,223,H
2016-04-01 15:05:00 UTC,0.9,27,L
2016-04-01 21:07:00 UTC,6.9,210,H
2016-04-02 03:15:00 UTC,0.8,24,L
2016-04-02 09:41:00 UTC,7.5,229,H
2016-04-02 16:08:00 UTC,0.6,18,L
2016-04-02 22:07:00 UTC,7.3,223,H
2016-04-03 04:22:00 UTC,0.5,15,L
2016-04-03 10:43:00 UTC,7.8,238,H
2016-04-03 17:07:00 UTC,0.1,3,L
2016-04-03 23:07:00 UTC,7.8,238,H
2016-04-04 05:25:00 UTC,0.0,0,L
2016-04-04 11:43:00 UTC,8.2,250,H
2016-04-04 18:02:00 UTC,-0.3,-9,L
2016-04-05 00:05:00 UTC,8.4,256,H
2016-04-05 06:24:00 UTC,-0.5,-15,L
2016-04-05 12:40:00 UTC,8.6,262,H
2016-04-05 18:54:00 UTC,-0.8,-24,L
2016-04-06 01:00:00 UTC,9.0,274,H
2016-04-06 07:20:00 UTC,-0.9,-27,L
2016-04-06 13:33:00 UTC,8.9,271,H
2016-04-06 19:45:00 UTC,-1.2,-37,L
2016-04-07 01:52:00 UTC,9.5,290,H
2016-04-07 08:14:00 UTC,-1.2,-37,L
2016-04-07 14:24:00 UTC,9.0,274,H
2016-04-07 20:36:00 UTC,-1.4,-43,L
2016-04-08 02:43:00 UTC,9.8,299,H
2016-04-08 09:06:00 UTC,-1.3,-40,L
2016-04-08 15:14:00 UTC,9.0,274,H
2016-04-08 21:25:00 UTC,-1.5,-46,L
2016-04-09 03:34:00 UTC,9.9,302,H
2016-04-09 09:57:00 UTC,-1.2,-37,L
2016-04-09 16:06:00 UTC,8.7,265,H
2016-04-09 22:14:00 UTC,-1.3,-40,L
2016-04-10 04:26:00 UTC,9.7,296,H
2016-04-10 10:48:00 UTC,-1.0,-30,L
2016-04-10 17:00:00 UTC,8.4,256,H
2016-04-10 23:04:00 UTC,-1.0,-30,L
2016-04-11 05:20:00 UTC,9.3,283,H
2016-04-11 11:40:00 UTC,-0.6,-18,L
2016-04-11 17:57:00 UTC,8.0,244,H
2016-04-11 23:55:00 UTC,-0.5,-15,L
2016-04-12 06:18:00 UTC,8.8,268,H
2016-04-12 12:35:00 UTC,-0.1,-3,L
2016-04-12 18:57:00 UTC,7.6,232,H
2016-04-13 00:51:00 UTC,-0.1,-3,L
2016-04-13 07:17:00 UTC,8.4,256,H
2016-04-13 13:33:00 UTC,0.3,9,L
2016-04-13 19:57:00 UTC,7.4,226,H
2016-04-14 01:52:00 UTC,0.4,12,L
2016-04-14 08:16:00 UTC,8.0,244,H
2016-04-14 14:36:00 UTC,0.6,18,L
2016-04-14 20:56:00 UTC,7.2,219,H
2016-04-15 02:57:00 UTC,0.6,18,L
2016-04-15 09:14:00 UTC,7.7,235,H
2016-04-15 15:39:00 UTC,0.7,21,L
2016-04-15 21:54:00 UTC,7.2,219,H
2016-04-16 04:01:00 UTC,0.7,21,L
2016-04-16 10:10:00 UTC,7.6,232,H
2016-04-16 16:36:00 UTC,0.6,18,L
2016-04-16 22:49:00 UTC,7.4,226,H
2016-04-17 04:59:00 UTC,0.6,18,L
2016-04-17 11:04:00 UTC,7.5,229,H
2016-04-17 17:26:00 UTC,0.5,15,L
2016-04-17 23:42:00 UTC,7.6,232,H
2016-04-18 05:51:00 UTC,0.4,12,L
2016-04-18 11:55:00 UTC,7.6,232,H
2016-04-18 18:11:00 UTC,0.4,12,L
2016-04-19 00:30:00 UTC,7.9,241,H
2016-04-19 06:38:00 UTC,0.3,9,L
2016-04-19 12:41:00 UTC,7.7,235,H
2016-04-19 18:52:00 UTC,0.3,9,L
2016-04-20 01:13:00 UTC,8.1,247,H
2016-04-20 07:22:00 UTC,0.2,6,L
2016-04-20 13:24:00 UTC,7.7,235,H
2016-04-20 19:31:00 UTC,0.2,6,L
2016-04-21 01:53:00 UTC,8.3,253,H
2016-04-21 08:03:00 UTC,0.1,3,L
2016-04-21 14:04:00 UTC,7.7,235,H
2016-04-21 20:08:00 UTC,0.1,3,L
2016-04-22 02:30:00 UTC,8.4,256,H
2016-04-22 08:42:00 UTC,0.0,0,L
2016-04-22 14:42:00 UTC,7.7,235,H
2016-04-22 20:44:00 UTC,0.2,6,L
2016-04-23 03:05:00 UTC,8.4,256,H
2016-04-23 09:20:00 UTC,0.1,3,L
2016-04-23 15:19:00 UTC,7.5,229,H
2016-04-23 21:19:00 UTC,0.2,6,L
2016-04-24 03:39:00 UTC,8.3,253,H
2016-04-24 09:57:00 UTC,0.2,6,L
2016-04-24 15:55:00 UTC,7.3,223,H
2016-04-24 21:54:00 UTC,0.3,9,L
2016-04-25 04:13:00 UTC,8.1,247,H
2016-04-25 10:34:00 UTC,0.3,9,L
2016-04-25 16:31:00 UTC,7.1,216,H
2016-04-25 22:30:00 UTC,0.5,15,L
2016-04-26 04:48:00 UTC,7.9,241,H
2016-04-26 11:13:00 UTC,0.4,12,L
2016-04-26 17:11:00 UTC,7.0,213,H
2016-04-26 23:09:00 UTC,0.6,18,L
2016-04-27 05:28:00 UTC,7.8,238,H
2016-04-27 11:54:00 UTC,0.6,18,L
2016-04-27 17:55:00 UTC,6.9,210,H
2016-04-27 23:52:00 UTC,0.7,21,L
2016-04-28 06:16:00 UTC,7.7,235,H
2016-04-28 12:41:00 UTC,0.7,21,L
2016-04-28 18:47:00 UTC,6.9,210,H
2016-04-29 00:41:00 UTC,0.8,24,L
2016-04-29 07:10:00 UTC,7.6,232,H
2016-04-29 13:35:00 UTC,0.7,21,L
2016-04-29 19:43:00 UTC,7.0,213,H
2016-04-30 01:41:00 UTC,0.9,27,L
2016-04-30 08:09:00 UTC,7.7,235,H
2016-04-30 14:34:00 UTC,0.6,18,L
2016-04-30 20:41:00 UTC,7.3,223,H
2016-05-01 02:48:00 UTC,0.8,24,L
2016-05-01 09:10:00 UTC,7.8,238,H
2016-05-01 15:36:00 UTC,0.3,9,L
2016-05-01 21:40:00 UTC,7.7,235,H
2016-05-02 03:57:00 UTC,0.5,15,L
2016-05-02 10:11:00 UTC,8.0,244,H
2016-05-02 16:35:00 UTC,-0.1,-3,L
2016-05-02 22:40:00 UTC,8.3,253,H
2016-05-03 05:02:00 UTC,0.1,3,L
2016-05-03 11:12:00 UTC,8.2,250,H
2016-05-03 17:32:00 UTC,-0.5,-15,L
2016-05-03 23:39:00 UTC,8.8,268,H
2016-05-04 06:02:00 UTC,-0.3,-9,L
2016-05-04 12:11:00 UTC,8.4,256,H
2016-05-04 18:26:00 UTC,-0.9,-27,L
2016-05-05 00:36:00 UTC,9.4,287,H
2016-05-05 07:00:00 UTC,-0.7,-21,L
2016-05-05 13:07:00 UTC,8.6,262,H
2016-05-05 19:19:00 UTC,-1.2,-37,L
2016-05-06 01:31:00 UTC,9.8,299,H
2016-05-06 07:56:00 UTC,-1.0,-30,L
2016-05-06 14:01:00 UTC,8.7,265,H
2016-05-06 20:11:00 UTC,-1.3,-40,L
2016-05-07 02:23:00 UTC,10.0,305,H
2016-05-07 08:49:00 UTC,-1.1,-34,L
2016-05-07 14:54:00 UTC,8.6,262,H
2016-05-07 21:03:00 UTC,-1.3,-40,L
2016-05-08 03:15:00 UTC,10.0,305,H
2016-05-08 09:41:00 UTC,-1.0,-30,L
2016-05-08 15:47:00 UTC,8.4,256,H
2016-05-08 21:53:00 UTC,-1.1,-34,L
2016-05-09 04:07:00 UTC,9.7,296,H
2016-05-09 10:32:00 UTC,-0.8,-24,L
2016-05-09 16:41:00 UTC,8.1,247,H
2016-05-09 22:44:00 UTC,-0.8,-24,L
2016-05-10 05:01:00 UTC,9.3,283,H
2016-05-10 11:23:00 UTC,-0.5,-15,L
2016-05-10 17:39:00 UTC,7.8,238,H
2016-05-10 23:35:00 UTC,-0.4,-12,L
2016-05-11 05:57:00 UTC,8.8,268,H
2016-05-11 12:14:00 UTC,-0.1,-3,L
2016-05-11 18:37:00 UTC,7.5,229,H
2016-05-12 00:28:00 UTC,0.1,3,L
2016-05-12 06:54:00 UTC,8.3,253,H
2016-05-12 13:08:00 UTC,0.3,9,L
2016-05-12 19:36:00 UTC,7.3,223,H
2016-05-13 01:26:00 UTC,0.5,15,L
2016-05-13 07:49:00 UTC,7.9,241,H
2016-05-13 14:05:00 UTC,0.5,15,L
2016-05-13 20:31:00 UTC,7.3,223,H
2016-05-14 02:27:00 UTC,0.8,24,L
2016-05-14 08:42:00 UTC,7.6,232,H
2016-05-14 15:02:00 UTC,0.7,21,L
2016-05-14 21:25:00 UTC,7.3,223,H
2016-05-15 03:29:00 UTC,0.9,27,L
2016-05-15 09:34:00 UTC,7.4,226,H
2016-05-15 15:57:00 UTC,0.7,21,L
2016-05-15 22:17:00 UTC,7.4,226,H
2016-05-16 04:27:00 UTC,0.9,27,L
2016-05-16 10:25:00 UTC,7.3,223,H
2016-05-16 16:45:00 UTC,0.6,18,L
2016-05-16 23:07:00 UTC,7.6,232,H
2016-05-17 05:19:00 UTC,0.8,24,L
2016-05-17 11:15:00 UTC,7.3,223,H
2016-05-17 17:30:00 UTC,0.5,15,L
2016-05-17 23:55:00 UTC,7.9,241,H
2016-05-18 06:06:00 UTC,0.6,18,L
2016-05-18 12:03:00 UTC,7.3,223,H
2016-05-18 18:12:00 UTC,0.4,12,L
2016-05-19 00:40:00 UTC,8.1,247,H
2016-05-19 06:51:00 UTC,0.4,12,L
2016-05-19 12:49:00 UTC,7.4,226,H
2016-05-19 18:52:00 UTC,0.3,9,L
2016-05-20 01:22:00 UTC,8.3,253,H
2016-05-20 07:34:00 UTC,0.3,9,L
2016-05-20 13:32:00 UTC,7.4,226,H
2016-05-20 19:32:00 UTC,0.2,6,L
2016-05-21 02:01:00 UTC,8.4,256,H
2016-05-21 08:15:00 UTC,0.2,6,L
2016-05-21 14:12:00 UTC,7.4,226,H
2016-05-21 20:12:00 UTC,0.2,6,L
2016-05-22 02:38:00 UTC,8.4,256,H
2016-05-22 08:55:00 UTC,0.1,3,L
2016-05-22 14:51:00 UTC,7.3,223,H
2016-05-22 20:50:00 UTC,0.2,6,L
2016-05-23 03:14:00 UTC,8.4,256,H
2016-05-23 09:34:00 UTC,0.1,3,L
2016-05-23 15:29:00 UTC,7.2,219,H
2016-05-23 21:29:00 UTC,0.3,9,L
2016-05-24 03:49:00 UTC,8.3,253,H
2016-05-24 10:13:00 UTC,0.1,3,L
2016-05-24 16:06:00 UTC,7.1,216,H
2016-05-24 22:08:00 UTC,0.3,9,L
2016-05-25 04:25:00 UTC,8.1,247,H
2016-05-25 10:53:00 UTC,0.2,6,L
2016-05-25 16:47:00 UTC,7.0,213,H
2016-05-25 22:49:00 UTC,0.4,12,L
2016-05-26 05:07:00 UTC,8.0,244,H
2016-05-26 11:35:00 UTC,0.2,6,L
2016-05-26 17:34:00 UTC,7.0,213,H
2016-05-26 23:34:00 UTC,0.5,15,L
2016-05-27 05:55:00 UTC,7.9,241,H
2016-05-27 12:21:00 UTC,0.2,6,L
2016-05-27 18:26:00 UTC,7.1,216,H
2016-05-28 00:24:00 UTC,0.6,18,L
2016-05-28 06:49:00 UTC,7.9,241,H
2016-05-28 13:12:00 UTC,0.2,6,L
2016-05-28 19:22:00 UTC,7.3,223,H
2016-05-29 01:22:00 UTC,0.6,18,L
2016-05-29 07:46:00 UTC,7.8,238,H
2016-05-29 14:08:00 UTC,0.1,3,L
2016-05-29 20:20:00 UTC,7.6,232,H
2016-05-30 02:27:00 UTC,0.6,18,L
2016-05-30 08:45:00 UTC,7.9,241,H
2016-05-30 15:08:00 UTC,-0.1,-3,L
2016-05-30 21:18:00 UTC,8.1,247,H
2016-05-31 03:35:00 UTC,0.4,12,L
2016-05-31 09:45:00 UTC,7.9,241,H
2016-05-31 16:07:00 UTC,-0.4,-12,L
2016-05-31 22:17:00 UTC,8.5,259,H
2016-06-01 04:41:00 UTC,0.1,3,L
2016-06-01 10:45:00 UTC,8.0,244,H
2016-06-01 17:05:00 UTC,-0.7,-21,L
2016-06-01 23:17:00 UTC,9.0,274,H
2016-06-02 05:43:00 UTC,-0.2,-6,L
2016-06-02 11:45:00 UTC,8.1,247,H
2016-06-02 18:01:00 UTC,-0.9,-27,L
2016-06-03 00:15:00 UTC,9.4,287,H
2016-06-03 06:42:00 UTC,-0.5,-15,L
2016-06-03 12:44:00 UTC,8.2,250,H
2016-06-03 18:55:00 UTC,-1.1,-34,L
2016-06-04 01:11:00 UTC,9.7,296,H
2016-06-04 07:38:00 UTC,-0.7,-21,L
2016-06-04 13:40:00 UTC,8.2,250,H
2016-06-04 19:49:00 UTC,-1.2,-37,L
2016-06-05 02:04:00 UTC,9.8,299,H
2016-06-05 08:32:00 UTC,-0.8,-24,L
2016-06-05 14:34:00 UTC,8.2,250,H
2016-06-05 20:42:00 UTC,-1.2,-37,L
2016-06-06 02:57:00 UTC,9.7,296,H
2016-06-06 09:24:00 UTC,-0.8,-24,L
2016-06-06 15:28:00 UTC,8.1,247,H
2016-06-06 21:33:00 UTC,-1.0,-30,L
2016-06-07 03:48:00 UTC,9.5,290,H
2016-06-07 10:14:00 UTC,-0.7,-21,L
2016-06-07 16:22:00 UTC,7.8,238,H
2016-06-07 22:23:00 UTC,-0.7,-21,L
2016-06-08 04:40:00 UTC,9.1,277,H
2016-06-08 11:02:00 UTC,-0.4,-12,L
2016-06-08 17:17:00 UTC,7.6,232,H
2016-06-08 23:13:00 UTC,-0.3,-9,L
2016-06-09 05:33:00 UTC,8.6,262,H
2016-06-09 11:50:00 UTC,-0.1,-3,L
2016-06-09 18:13:00 UTC,7.4,226,H
2016-06-10 00:03:00 UTC,0.2,6,L
2016-06-10 06:25:00 UTC,8.2,250,H
2016-06-10 12:38:00 UTC,0.2,6,L
2016-06-10 19:08:00 UTC,7.3,223,H
2016-06-11 00:55:00 UTC,0.6,18,L
2016-06-11 07:17:00 UTC,7.8,238,H
2016-06-11 13:27:00 UTC,0.5,15,L
2016-06-11 20:00:00 UTC,7.2,219,H
2016-06-12 01:51:00 UTC,0.9,27,L
2016-06-12 08:06:00 UTC,7.5,229,H
2016-06-12 14:18:00 UTC,0.6,18,L
2016-06-12 20:50:00 UTC,7.3,223,H
2016-06-13 02:50:00 UTC,1.1,34,L
2016-06-13 08:55:00 UTC,7.2,219,H
2016-06-13 15:09:00 UTC,0.7,21,L
2016-06-13 21:39:00 UTC,7.4,226,H
2016-06-14 03:47:00 UTC,1.1,34,L
2016-06-14 09:44:00 UTC,7.1,216,H
2016-06-14 15:58:00 UTC,0.6,18,L
2016-06-14 22:28:00 UTC,7.5,229,H
2016-06-15 04:40:00 UTC,1.0,30,L
2016-06-15 10:33:00 UTC,7.0,213,H
2016-06-15 16:45:00 UTC,0.5,15,L
2016-06-15 23:16:00 UTC,7.8,238,H
2016-06-16 05:30:00 UTC,0.8,24,L
2016-06-16 11:22:00 UTC,7.0,213,H
2016-06-16 17:30:00 UTC,0.4,12,L
2016-06-17 00:03:00 UTC,8.0,244,H
2016-06-17 06:16:00 UTC,0.6,18,L
2016-06-17 12:11:00 UTC,7.0,213,H
2016-06-17 18:14:00 UTC,0.3,9,L
2016-06-18 00:48:00 UTC,8.2,250,H
2016-06-18 07:01:00 UTC,0.4,12,L
2016-06-18 12:58:00 UTC,7.1,216,H
2016-06-18 18:57:00 UTC,0.2,6,L
2016-06-19 01:31:00 UTC,8.3,253,H
2016-06-19 07:45:00 UTC,0.3,9,L
2016-06-19 13:41:00 UTC,7.1,216,H
2016-06-19 19:41:00 UTC,0.1,3,L
2016-06-20 02:11:00 UTC,8.4,256,H
2016-06-20 08:28:00 UTC,0.1,3,L
2016-06-20 14:23:00 UTC,7.2,219,H
2016-06-20 20:24:00 UTC,0.1,3,L
2016-06-21 02:49:00 UTC,8.4,256,H
2016-06-21 09:10:00 UTC,0.0,0,L
2016-06-21 15:03:00 UTC,7.2,219,H
2016-06-21 21:06:00 UTC,0.1,3,L
2016-06-22 03:27:00 UTC,8.4,256,H
2016-06-22 09:52:00 UTC,-0.1,-3,L
2016-06-22 15:44:00 UTC,7.2,219,H
2016-06-22 21:49:00 UTC,0.1,3,L
2016-06-23 04:07:00 UTC,8.4,256,H
2016-06-23 10:33:00 UTC,-0.1,-3,L
2016-06-23 16:27:00 UTC,7.2,219,H
2016-06-23 22:33:00 UTC,0.1,3,L
2016-06-24 04:50:00 UTC,8.3,253,H
2016-06-24 11:16:00 UTC,-0.2,-6,L
2016-06-24 17:15:00 UTC,7.3,223,H
2016-06-24 23:20:00 UTC,0.2,6,L
2016-06-25 05:38:00 UTC,8.2,250,H
2016-06-25 12:02:00 UTC,-0.2,-6,L
2016-06-25 18:08:00 UTC,7.5,229,H
2016-06-26 00:10:00 UTC,0.3,9,L
2016-06-26 06:32:00 UTC,8.0,244,H
2016-06-26 12:51:00 UTC,-0.2,-6,L
2016-06-26 19:04:00 UTC,7.7,235,H
2016-06-27 01:07:00 UTC,0.4,12,L
2016-06-27 07:28:00 UTC,7.9,241,H
2016-06-27 13:46:00 UTC,-0.3,-9,L
2016-06-27 20:02:00 UTC,8.0,244,H
2016-06-28 02:10:00 UTC,0.4,12,L
2016-06-28 08:26:00 UTC,7.9,241,H
2016-06-28 14:44:00 UTC,-0.4,-12,L
2016-06-28 21:00:00 UTC,8.3,253,H
2016-06-29 03:18:00 UTC,0.4,12,L
2016-06-29 09:24:00 UTC,7.8,238,H
2016-06-29 15:43:00 UTC,-0.5,-15,L
2016-06-29 21:58:00 UTC,8.7,265,H
2016-06-30 04:24:00 UTC,0.2,6,L
2016-06-30 10:24:00 UTC,7.8,238,H
2016-06-30 16:42:00 UTC,-0.7,-21,L
2016-06-30 22:57:00 UTC,9.0,274,H
2016-07-01 05:26:00 UTC,0.0,0,L
2016-07-01 11:24:00 UTC,7.8,238,H
2016-07-01 17:40:00 UTC,-0.8,-24,L
2016-07-01 23:56:00 UTC,9.2,280,H
2016-07-02 06:25:00 UTC,-0.3,-9,L
2016-07-02 12:24:00 UTC,7.8,238,H
2016-07-02 18:36:00 UTC,-0.9,-27,L
2016-07-03 00:53:00 UTC,9.4,287,H
2016-07-03 07:21:00 UTC,-0.4,-12,L
2016-07-03 13:21:00 UTC,7.9,241,H
2016-07-03 19:30:00 UTC,-1.0,-30,L
2016-07-04 01:47:00 UTC,9.5,290,H
2016-07-04 08:14:00 UTC,-0.5,-15,L
2016-07-04 14:16:00 UTC,7.9,241,H
2016-07-04 20:23:00 UTC,-0.9,-27,L
2016-07-05 02:39:00 UTC,9.4,287,H
2016-07-05 09:05:00 UTC,-0.6,-18,L
2016-07-05 15:08:00 UTC,7.8,238,H
2016-07-05 21:14:00 UTC,-0.7,-21,L
2016-07-06 03:28:00 UTC,9.2,280,H
2016-07-06 09:53:00 UTC,-0.5,-15,L
2016-07-06 15:59:00 UTC,7.7,235,H
2016-07-06 22:02:00 UTC,-0.5,-15,L
2016-07-07 04:16:00 UTC,8.8,268,H
2016-07-07 10:38:00 UTC,-0.3,-9,L
2016-07-07 16:51:00 UTC,7.6,232,H
2016-07-07 22:49:00 UTC,-0.1,-3,L
2016-07-08 05:04:00 UTC,8.4,256,H
2016-07-08 11:21:00 UTC,-0.1,-3,L
2016-07-08 17:42:00 UTC,7.4,226,H
2016-07-08 23:35:00 UTC,0.3,9,L
2016-07-09 05:52:00 UTC,8.0,244,H
2016-07-09 12:03:00 UTC,0.2,6,L
2016-07-09 18:33:00 UTC,7.3,223,H
2016-07-10 00:22:00 UTC,0.7,21,L
2016-07-10 06:40:00 UTC,7.6,232,H
2016-07-10 12:45:00 UTC,0.5,15,L
2016-07-10 19:22:00 UTC,7.2,219,H
2016-07-11 01:11:00 UTC,1.0,30,L
2016-07-11 07:28:00 UTC,7.3,223,H
2016-07-11 13:29:00 UTC,0.6,18,L
2016-07-11 20:11:00 UTC,7.2,219,H
2016-07-12 02:05:00 UTC,1.2,37,L
2016-07-12 08:15:00 UTC,7.1,216,H
2016-07-12 14:17:00 UTC,0.7,21,L
2016-07-12 20:58:00 UTC,7.3,223,H
2016-07-13 03:01:00 UTC,1.3,40,L
2016-07-13 09:03:00 UTC,6.9,210,H
2016-07-13 15:06:00 UTC,0.8,24,L
2016-07-13 21:46:00 UTC,7.5,229,H
2016-07-14 03:57:00 UTC,1.2,37,L
2016-07-14 09:52:00 UTC,6.9,210,H
2016-07-14 15:57:00 UTC,0.7,21,L
2016-07-14 22:35:00 UTC,7.6,232,H
2016-07-15 04:49:00 UTC,1.1,34,L
2016-07-15 10:42:00 UTC,6.9,210,H
2016-07-15 16:47:00 UTC,0.6,18,L
2016-07-15 23:24:00 UTC,7.8,238,H
2016-07-16 05:39:00 UTC,0.8,24,L
2016-07-16 11:33:00 UTC,6.9,210,H
2016-07-16 17:36:00 UTC,0.4,12,L
2016-07-17 00:13:00 UTC,8.1,247,H
2016-07-17 06:27:00 UTC,0.6,18,L
2016-07-17 12:22:00 UTC,7.0,213,H
2016-07-17 18:24:00 UTC,0.3,9,L
2016-07-18 00:59:00 UTC,8.3,253,H
2016-07-18 07:14:00 UTC,0.4,12,L
2016-07-18 13:10:00 UTC,7.2,219,H
2016-07-18 19:11:00 UTC,0.1,3,L
2016-07-19 01:43:00 UTC,8.5,259,H
2016-07-19 07:59:00 UTC,0.1,3,L
2016-07-19 13:54:00 UTC,7.4,226,H
2016-07-19 19:58:00 UTC,0.0,0,L
2016-07-20 02:25:00 UTC,8.7,265,H
2016-07-20 08:44:00 UTC,-0.1,-3,L
2016-07-20 14:37:00 UTC,7.5,229,H
2016-07-20 20:45:00 UTC,-0.1,-3,L
2016-07-21 03:06:00 UTC,8.7,265,H
2016-07-21 09:28:00 UTC,-0.3,-9,L
2016-07-21 15:21:00 UTC,7.7,235,H
2016-07-21 21:31:00 UTC,-0.2,-6,L
2016-07-22 03:48:00 UTC,8.7,265,H
2016-07-22 10:11:00 UTC,-0.4,-12,L
2016-07-22 16:07:00 UTC,7.8,238,H
2016-07-22 22:18:00 UTC,-0.2,-6,L
2016-07-23 04:33:00 UTC,8.6,262,H
2016-07-23 10:55:00 UTC,-0.5,-15,L
2016-07-23 16:56:00 UTC,7.9,241,H
2016-07-23 23:06:00 UTC,-0.1,-3,L
2016-07-24 05:22:00 UTC,8.5,259,H
2016-07-24 11:41:00 UTC,-0.5,-15,L
2016-07-24 17:50:00 UTC,8.1,247,H
2016-07-24 23:57:00 UTC,0.1,3,L
2016-07-25 06:16:00 UTC,8.2,250,H
2016-07-25 12:31:00 UTC,-0.5,-15,L
2016-07-25 18:47:00 UTC,8.2,250,H
2016-07-26 00:53:00 UTC,0.3,9,L
2016-07-26 07:12:00 UTC,8.0,244,H
2016-07-26 13:24:00 UTC,-0.4,-12,L
2016-07-26 19:45:00 UTC,8.4,256,H
2016-07-27 01:56:00 UTC,0.4,12,L
2016-07-27 08:10:00 UTC,7.9,241,H
2016-07-27 14:22:00 UTC,-0.3,-9,L
2016-07-27 20:43:00 UTC,8.6,262,H
2016-07-28 03:02:00 UTC,0.5,15,L
2016-07-28 09:08:00 UTC,7.7,235,H
2016-07-28 15:23:00 UTC,-0.4,-12,L
2016-07-28 21:42:00 UTC,8.7,265,H
2016-07-29 04:09:00 UTC,0.4,12,L
2016-07-29 10:08:00 UTC,7.7,235,H
2016-07-29 16:24:00 UTC,-0.4,-12,L
2016-07-29 22:42:00 UTC,8.9,271,H
2016-07-30 05:11:00 UTC,0.3,9,L
2016-07-30 11:09:00 UTC,7.7,235,H
2016-07-30 17:23:00 UTC,-0.5,-15,L
2016-07-30 23:41:00 UTC,9.0,274,H
2016-07-31 06:09:00 UTC,0.1,3,L
2016-07-31 12:09:00 UTC,7.7,235,H
2016-07-31 18:19:00 UTC,-0.6,-18,L
2016-08-01 00:38:00 UTC,9.1,277,H
2016-08-01 07:04:00 UTC,-0.1,-3,L
2016-08-01 13:06:00 UTC,7.8,238,H
2016-08-01 19:13:00 UTC,-0.6,-18,L
2016-08-02 01:31:00 UTC,9.2,280,H
2016-08-02 07:55:00 UTC,-0.2,-6,L
2016-08-02 13:58:00 UTC,7.9,241,H
2016-08-02 20:05:00 UTC,-0.5,-15,L
2016-08-03 02:20:00 UTC,9.1,277,H
2016-08-03 08:43:00 UTC,-0.2,-6,L
2016-08-03 14:47:00 UTC,8.0,244,H
2016-08-03 20:53:00 UTC,-0.4,-12,L
2016-08-04 03:05:00 UTC,9.0,274,H
2016-08-04 09:27:00 UTC,-0.2,-6,L
2016-08-04 15:34:00 UTC,7.9,241,H
2016-08-04 21:40:00 UTC,-0.2,-6,L
2016-08-05 03:49:00 UTC,8.7,265,H
2016-08-05 10:08:00 UTC,0.0,0,L
2016-08-05 16:20:00 UTC,7.8,238,H
2016-08-05 22:23:00 UTC,0.1,3,L
2016-08-06 04:32:00 UTC,8.4,256,H
2016-08-06 10:47:00 UTC,0.2,6,L
2016-08-06 17:06:00 UTC,7.7,235,H
2016-08-06 23:05:00 UTC,0.4,12,L
2016-08-07 05:16:00 UTC,8.0,244,H
2016-08-07 11:24:00 UTC,0.4,12,L
2016-08-07 17:52:00 UTC,7.5,229,H
2016-08-07 23:48:00 UTC,0.8,24,L
2016-08-08 06:01:00 UTC,7.6,232,H
2016-08-08 12:02:00 UTC,0.6,18,L
2016-08-08 18:39:00 UTC,7.4,226,H
2016-08-09 00:32:00 UTC,1.1,34,L
2016-08-09 06:47:00 UTC,7.3,223,H
2016-08-09 12:42:00 UTC,0.8,24,L
2016-08-09 19:27:00 UTC,7.4,226,H
2016-08-10 01:20:00 UTC,1.3,40,L
2016-08-10 07:34:00 UTC,7.1,216,H
2016-08-10 13:26:00 UTC,1.0,30,L
2016-08-10 20:15:00 UTC,7.4,226,H
2016-08-11 02:13:00 UTC,1.5,46,L
2016-08-11 08:23:00 UTC,7.0,213,H
2016-08-11 14:15:00 UTC,1.0,30,L
2016-08-11 21:03:00 UTC,7.5,229,H
2016-08-12 03:10:00 UTC,1.5,46,L
2016-08-12 09:12:00 UTC,6.9,210,H
2016-08-12 15:10:00 UTC,1.0,30,L
2016-08-12 21:53:00 UTC,7.6,232,H
2016-08-13 04:07:00 UTC,1.4,43,L
2016-08-13 10:03:00 UTC,7.0,213,H
2016-08-13 16:06:00 UTC,0.9,27,L
2016-08-13 22:45:00 UTC,7.8,238,H
2016-08-14 05:01:00 UTC,1.1,34,L
2016-08-14 10:55:00 UTC,7.1,216,H
2016-08-14 17:00:00 UTC,0.7,21,L
2016-08-14 23:36:00 UTC,8.1,247,H
2016-08-15 05:52:00 UTC,0.8,24,L
2016-08-15 11:47:00 UTC,7.3,223,H
2016-08-15 17:53:00 UTC,0.4,12,L
2016-08-16 00:26:00 UTC,8.4,256,H
2016-08-16 06:41:00 UTC,0.5,15,L
2016-08-16 12:38:00 UTC,7.6,232,H
2016-08-16 18:44:00 UTC,0.2,6,L
2016-08-17 01:13:00 UTC,8.8,268,H
2016-08-17 07:29:00 UTC,0.1,3,L
2016-08-17 13:26:00 UTC,8.0,244,H
2016-08-17 19:34:00 UTC,-0.1,-3,L
2016-08-18 01:58:00 UTC,9.0,274,H
2016-08-18 08:15:00 UTC,-0.2,-6,L
2016-08-18 14:12:00 UTC,8.3,253,H
2016-08-18 20:24:00 UTC,-0.3,-9,L
2016-08-19 02:42:00 UTC,9.2,280,H
2016-08-19 09:01:00 UTC,-0.5,-15,L
2016-08-19 14:58:00 UTC,8.6,262,H
2016-08-19 21:13:00 UTC,-0.4,-12,L
2016-08-20 03:27:00 UTC,9.2,280,H
2016-08-20 09:47:00 UTC,-0.6,-18,L
2016-08-20 15:46:00 UTC,8.8,268,H
2016-08-20 22:02:00 UTC,-0.4,-12,L
2016-08-21 04:14:00 UTC,9.0,274,H
2016-08-21 10:33:00 UTC,-0.7,-21,L
2016-08-21 16:36:00 UTC,8.9,271,H
2016-08-21 22:52:00 UTC,-0.2,-6,L
2016-08-22 05:04:00 UTC,8.8,268,H
2016-08-22 11:20:00 UTC,-0.6,-18,L
2016-08-22 17:31:00 UTC,8.9,271,H
2016-08-22 23:44:00 UTC,0.0,0,L
2016-08-23 05:59:00 UTC,8.5,259,H
2016-08-23 12:10:00 UTC,-0.5,-15,L
2016-08-23 18:29:00 UTC,8.9,271,H
2016-08-24 00:40:00 UTC,0.3,9,L
2016-08-24 06:57:00 UTC,8.2,250,H
2016-08-24 13:04:00 UTC,-0.3,-9,L
2016-08-24 19:29:00 UTC,8.8,268,H
2016-08-25 01:41:00 UTC,0.6,18,L
2016-08-25 07:57:00 UTC,8.0,244,H
2016-08-25 14:03:00 UTC,-0.1,-3,L
2016-08-25 20:29:00 UTC,8.8,268,H
2016-08-26 02:48:00 UTC,0.7,21,L
2016-08-26 08:57:00 UTC,7.8,238,H
2016-08-26 15:06:00 UTC,0.0,0,L
2016-08-26 21:28:00 UTC,8.8,268,H
2016-08-27 03:54:00 UTC,0.7,21,L
2016-08-27 09:57:00 UTC,7.8,238,H
2016-08-27 16:09:00 UTC,0.0,0,L
2016-08-27 22:28:00 UTC,8.8,268,H
2016-08-28 04:56:00 UTC,0.6,18,L
2016-08-28 10:57:00 UTC,7.8,238,H
2016-08-28 17:09:00 UTC,0.0,0,L
2016-08-28 23:27:00 UTC,8.9,271,H
2016-08-29 05:52:00 UTC,0.4,12,L
2016-08-29 11:56:00 UTC,7.9,241,H
2016-08-29 18:04:00 UTC,-0.1,-3,L
2016-08-30 00:22:00 UTC,9.0,274,H
2016-08-30 06:44:00 UTC,0.3,9,L
2016-08-30 12:50:00 UTC,8.1,247,H
2016-08-30 18:57:00 UTC,-0.1,-3,L
2016-08-31 01:12:00 UTC,9.0,274,H
2016-08-31 07:32:00 UTC,0.2,6,L
2016-08-31 13:40:00 UTC,8.2,250,H
2016-08-31 19:46:00 UTC,-0.1,-3,L
2016-09-01 01:58:00 UTC,9.0,274,H
2016-09-01 08:16:00 UTC,0.2,6,L
2016-09-01 14:25:00 UTC,8.3,253,H
2016-09-01 20:32:00 UTC,0.0,0,L
2016-09-02 02:40:00 UTC,8.9,271,H
2016-09-02 08:57:00 UTC,0.2,6,L
2016-09-02 15:07:00 UTC,8.3,253,H
2016-09-02 21:15:00 UTC,0.2,6,L
2016-09-03 03:20:00 UTC,8.7,265,H
2016-09-03 09:36:00 UTC,0.3,9,L
2016-09-03 15:48:00 UTC,8.3,253,H
2016-09-03 21:56:00 UTC,0.4,12,L
2016-09-04 04:00:00 UTC,8.4,256,H
2016-09-04 10:12:00 UTC,0.5,15,L
2016-09-04 16:29:00 UTC,8.1,247,H
2016-09-04 22:36:00 UTC,0.7,21,L
2016-09-05 04:40:00 UTC,8.1,247,H
2016-09-05 10:46:00 UTC,0.6,18,L
2016-09-05 17:10:00 UTC,7.9,241,H
2016-09-05 23:15:00 UTC,0.9,27,L
2016-09-06 05:21:00 UTC,7.7,235,H
2016-09-06 11:21:00 UTC,0.9,27,L
2016-09-06 17:54:00 UTC,7.8,238,H
2016-09-06 23:55:00 UTC,1.2,37,L
2016-09-07 06:06:00 UTC,7.4,226,H
2016-09-07 11:59:00 UTC,1.0,30,L
2016-09-07 18:40:00 UTC,7.6,232,H
2016-09-08 00:39:00 UTC,1.5,46,L
2016-09-08 06:53:00 UTC,7.2,219,H
2016-09-08 12:41:00 UTC,1.2,37,L
2016-09-08 19:29:00 UTC,7.6,232,H
2016-09-09 01:29:00 UTC,1.6,49,L
2016-09-09 07:42:00 UTC,7.1,216,H
2016-09-09 13:29:00 UTC,1.3,40,L
2016-09-09 20:19:00 UTC,7.6,232,H
2016-09-10 02:25:00 UTC,1.7,52,L
2016-09-10 08:33:00 UTC,7.1,216,H
2016-09-10 14:26:00 UTC,1.3,40,L
2016-09-10 21:11:00 UTC,7.8,238,H
2016-09-11 03:25:00 UTC,1.6,49,L
2016-09-11 09:26:00 UTC,7.2,219,H
2016-09-11 15:27:00 UTC,1.2,37,L
2016-09-11 22:04:00 UTC,8.0,244,H
2016-09-12 04:22:00 UTC,1.3,40,L
2016-09-12 10:19:00 UTC,7.4,226,H
2016-09-12 16:27:00 UTC,1.0,30,L
2016-09-12 22:58:00 UTC,8.3,253,H
2016-09-13 05:16:00 UTC,0.9,27,L
2016-09-13 11:13:00 UTC,7.8,238,H
2016-09-13 17:23:00 UTC,0.6,18,L
2016-09-13 23:51:00 UTC,8.6,262,H
2016-09-14 06:08:00 UTC,0.5,15,L
2016-09-14 12:07:00 UTC,8.2,250,H
2016-09-14 18:18:00 UTC,0.3,9,L
2016-09-15 00:42:00 UTC,9.0,274,H
2016-09-15 06:57:00 UTC,0.1,3,L
2016-09-15 12:58:00 UTC,8.7,265,H
2016-09-15 19:11:00 UTC,-0.1,-3,L
2016-09-16 01:30:00 UTC,9.3,283,H
2016-09-16 07:46:00 UTC,-0.3,-9,L
2016-09-16 13:47:00 UTC,9.1,277,H
2016-09-16 20:03:00 UTC,-0.3,-9,L
2016-09-17 02:17:00 UTC,9.5,290,H
2016-09-17 08:34:00 UTC,-0.6,-18,L
2016-09-17 14:35:00 UTC,9.5,290,H
2016-09-17 20:54:00 UTC,-0.5,-15,L
2016-09-18 03:05:00 UTC,9.5,290,H
2016-09-18 09:21:00 UTC,-0.8,-24,L
2016-09-18 15:24:00 UTC,9.7,296,H
2016-09-18 21:45:00 UTC,-0.5,-15,L
2016-09-19 03:53:00 UTC,9.3,283,H
2016-09-19 10:09:00 UTC,-0.8,-24,L
2016-09-19 16:16:00 UTC,9.7,296,H
2016-09-19 22:37:00 UTC,-0.3,-9,L
2016-09-20 04:46:00 UTC,9.0,274,H
2016-09-20 10:58:00 UTC,-0.6,-18,L
2016-09-20 17:11:00 UTC,9.6,293,H
2016-09-20 23:29:00 UTC,0.0,0,L
2016-09-21 05:42:00 UTC,8.6,262,H
2016-09-21 11:49:00 UTC,-0.4,-12,L
2016-09-21 18:10:00 UTC,9.4,287,H
2016-09-22 00:25:00 UTC,0.3,9,L
2016-09-22 06:42:00 UTC,8.3,253,H
2016-09-22 12:44:00 UTC,0.0,0,L
2016-09-22 19:11:00 UTC,9.1,277,H
2016-09-23 01:25:00 UTC,0.7,21,L
2016-09-23 07:44:00 UTC,8.1,247,H
2016-09-23 13:44:00 UTC,0.3,9,L
2016-09-23 20:13:00 UTC,8.9,271,H
2016-09-24 02:31:00 UTC,0.9,27,L
2016-09-24 08:45:00 UTC,7.9,241,H
2016-09-24 14:49:00 UTC,0.5,15,L
2016-09-24 21:13:00 UTC,8.8,268,H
2016-09-25 03:37:00 UTC,0.9,27,L
2016-09-25 09:45:00 UTC,7.9,241,H
2016-09-25 15:54:00 UTC,0.5,15,L
2016-09-25 22:12:00 UTC,8.7,265,H
2016-09-26 04:38:00 UTC,0.8,24,L
2016-09-26 10:44:00 UTC,8.0,244,H
2016-09-26 16:54:00 UTC,0.5,15,L
2016-09-26 23:08:00 UTC,8.7,265,H
2016-09-27 05:32:00 UTC,0.7,21,L
2016-09-27 11:40:00 UTC,8.2,250,H
2016-09-27 17:48:00 UTC,0.4,12,L
2016-09-28 00:00:00 UTC,8.8,268,H
2016-09-28 06:20:00 UTC,0.6,18,L
2016-09-28 12:32:00 UTC,8.4,256,H
2016-09-28 18:38:00 UTC,0.3,9,L
2016-09-29 00:48:00 UTC,8.8,268,H
2016-09-29 07:05:00 UTC,0.5,15,L
2016-09-29 13:18:00 UTC,8.6,262,H
2016-09-29 19:25:00 UTC,0.3,9,L
2016-09-30 01:32:00 UTC,8.8,268,H
2016-09-30 07:46:00 UTC,0.4,12,L
2016-09-30 14:00:00 UTC,8.7,265,H
2016-09-30 20:09:00 UTC,0.3,9,L
2016-10-01 02:13:00 UTC,8.7,265,H
2016-10-01 08:25:00 UTC,0.4,12,L
2016-10-01 14:40:00 UTC,8.7,265,H
2016-10-01 20:51:00 UTC,0.4,12,L
2016-10-02 02:51:00 UTC,8.5,259,H
2016-10-02 09:02:00 UTC,0.5,15,L
2016-10-02 15:18:00 UTC,8.7,265,H
2016-10-02 21:30:00 UTC,0.6,18,L
2016-10-03 03:29:00 UTC,8.3,253,H
2016-10-03 09:37:00 UTC,0.6,18,L
2016-10-03 15:55:00 UTC,8.5,259,H
2016-10-03 22:08:00 UTC,0.8,24,L
2016-10-04 04:07:00 UTC,8.0,244,H
2016-10-04 10:11:00 UTC,0.8,24,L
2016-10-04 16:32:00 UTC,8.3,253,H
2016-10-04 22:45:00 UTC,1.0,30,L
2016-10-05 04:46:00 UTC,7.7,235,H
2016-10-05 10:46:00 UTC,1.0,30,L
2016-10-05 17:12:00 UTC,8.1,247,H
2016-10-05 23:24:00 UTC,1.2,37,L
2016-10-06 05:27:00 UTC,7.5,229,H
2016-10-06 11:22:00 UTC,1.1,34,L
2016-10-06 17:55:00 UTC,7.9,241,H
2016-10-07 00:05:00 UTC,1.4,43,L
2016-10-07 06:13:00 UTC,7.2,219,H
2016-10-07 12:03:00 UTC,1.3,40,L
2016-10-07 18:42:00 UTC,7.8,238,H
2016-10-08 00:52:00 UTC,1.6,49,L
2016-10-08 07:02:00 UTC,7.1,216,H
2016-10-08 12:51:00 UTC,1.4,43,L
2016-10-08 19:34:00 UTC,7.8,238,H
2016-10-09 01:45:00 UTC,1.6,49,L
2016-10-09 07:55:00 UTC,7.2,219,H
2016-10-09 13:47:00 UTC,1.5,46,L
2016-10-09 20:29:00 UTC,7.9,241,H
2016-10-10 02:45:00 UTC,1.5,46,L
2016-10-10 08:50:00 UTC,7.4,226,H
2016-10-10 14:50:00 UTC,1.4,43,L
2016-10-10 21:24:00 UTC,8.1,247,H
2016-10-11 03:45:00 UTC,1.2,37,L
2016-10-11 09:45:00 UTC,7.7,235,H
2016-10-11 15:55:00 UTC,1.1,34,L
2016-10-11 22:20:00 UTC,8.4,256,H
2016-10-12 04:41:00 UTC,0.8,24,L
2016-10-12 10:42:00 UTC,8.1,247,H
2016-10-12 16:56:00 UTC,0.7,21,L
2016-10-12 23:16:00 UTC,8.7,265,H
2016-10-13 05:35:00 UTC,0.4,12,L
2016-10-13 11:37:00 UTC,8.7,265,H
2016-10-13 17:54:00 UTC,0.3,9,L
2016-10-14 00:10:00 UTC,9.0,274,H
2016-10-14 06:26:00 UTC,-0.1,-3,L
2016-10-14 12:31:00 UTC,9.3,283,H
2016-10-14 18:49:00 UTC,-0.1,-3,L
2016-10-15 01:03:00 UTC,9.3,283,H
2016-10-15 07:17:00 UTC,-0.5,-15,L
2016-10-15 13:23:00 UTC,9.8,299,H
2016-10-15 19:43:00 UTC,-0.4,-12,L
2016-10-16 01:53:00 UTC,9.5,290,H
2016-10-16 08:07:00 UTC,-0.8,-24,L
2016-10-16 14:14:00 UTC,10.1,308,H
2016-10-16 20:37:00 UTC,-0.6,-18,L
2016-10-17 02:43:00 UTC,9.5,290,H
2016-10-17 08:57:00 UTC,-0.9,-27,L
2016-10-17 15:05:00 UTC,10.3,314,H
2016-10-17 21:29:00 UTC,-0.6,-18,L
2016-10-18 03:34:00 UTC,9.3,283,H
2016-10-18 09:47:00 UTC,-0.9,-27,L
2016-10-18 15:57:00 UTC,10.2,311,H
2016-10-18 22:21:00 UTC,-0.4,-12,L
2016-10-19 04:27:00 UTC,9.0,274,H
2016-10-19 10:37:00 UTC,-0.7,-21,L
2016-10-19 16:52:00 UTC,9.9,302,H
2016-10-19 23:13:00 UTC,-0.1,-3,L
2016-10-20 05:25:00 UTC,8.6,262,H
2016-10-20 11:29:00 UTC,-0.4,-12,L
2016-10-20 17:51:00 UTC,9.6,293,H
2016-10-21 00:08:00 UTC,0.2,6,L
2016-10-21 06:26:00 UTC,8.2,250,H
2016-10-21 12:24:00 UTC,0.0,0,L
2016-10-21 18:52:00 UTC,9.2,280,H
2016-10-22 01:06:00 UTC,0.6,18,L
2016-10-22 07:28:00 UTC,8.0,244,H
2016-10-22 13:24:00 UTC,0.4,12,L
2016-10-22 19:53:00 UTC,8.8,268,H
2016-10-23 02:09:00 UTC,0.9,27,L
2016-10-23 08:29:00 UTC,7.9,241,H
2016-10-23 14:28:00 UTC,0.7,21,L
2016-10-23 20:52:00 UTC,8.6,262,H
2016-10-24 03:13:00 UTC,1.0,30,L
2016-10-24 09:28:00 UTC,7.9,241,H
2016-10-24 15:33:00 UTC,0.8,24,L
2016-10-24 21:48:00 UTC,8.4,256,H
2016-10-25 04:12:00 UTC,0.9,27,L
2016-10-25 10:25:00 UTC,8.0,244,H
2016-10-25 16:33:00 UTC,0.8,24,L
2016-10-25 22:42:00 UTC,8.3,253,H
2016-10-26 05:05:00 UTC,0.8,24,L
2016-10-26 11:18:00 UTC,8.2,250,H
2016-10-26 17:27:00 UTC,0.7,21,L
2016-10-26 23:32:00 UTC,8.3,253,H
2016-10-27 05:51:00 UTC,0.6,18,L
2016-10-27 12:08:00 UTC,8.4,256,H
2016-10-27 18:16:00 UTC,0.6,18,L
2016-10-28 00:20:00 UTC,8.3,253,H
2016-10-28 06:34:00 UTC,0.5,15,L
2016-10-28 12:53:00 UTC,8.6,262,H
2016-10-28 19:02:00 UTC,0.5,15,L
2016-10-29 01:03:00 UTC,8.3,253,H
2016-10-29 07:14:00 UTC,0.5,15,L
2016-10-29 13:35:00 UTC,8.7,265,H
2016-10-29 19:45:00 UTC,0.5,15,L
2016-10-30 01:44:00 UTC,8.3,253,H
2016-10-30 07:52:00 UTC,0.5,15,L
2016-10-30 14:13:00 UTC,8.8,268,H
2016-10-30 20:25:00 UTC,0.5,15,L
2016-10-31 02:23:00 UTC,8.2,250,H
2016-10-31 08:29:00 UTC,0.5,15,L
2016-10-31 14:50:00 UTC,8.8,268,H
2016-10-31 21:04:00 UTC,0.5,15,L
2016-11-01 03:01:00 UTC,8.0,244,H
2016-11-01 09:05:00 UTC,0.6,18,L
2016-11-01 15:26:00 UTC,8.6,262,H
2016-11-01 21:42:00 UTC,0.6,18,L
2016-11-02 03:38:00 UTC,7.8,238,H
2016-11-02 09:40:00 UTC,0.7,21,L
2016-11-02 16:02:00 UTC,8.4,256,H
2016-11-02 22:20:00 UTC,0.8,24,L
2016-11-03 04:15:00 UTC,7.6,232,H
2016-11-03 10:16:00 UTC,0.8,24,L
2016-11-03 16:38:00 UTC,8.2,250,H
2016-11-03 22:57:00 UTC,0.9,27,L
2016-11-04 04:54:00 UTC,7.3,223,H
2016-11-04 10:54:00 UTC,0.9,27,L
2016-11-04 17:17:00 UTC,8.0,244,H
2016-11-04 23:38:00 UTC,1.1,34,L
2016-11-05 05:37:00 UTC,7.2,219,H
2016-11-05 11:34:00 UTC,1.1,34,L
2016-11-05 18:02:00 UTC,7.9,241,H
2016-11-06 00:22:00 UTC,1.2,37,L
2016-11-06 06:26:00 UTC,7.1,216,H
2016-11-06 12:20:00 UTC,1.2,37,L
2016-11-06 18:54:00 UTC,7.8,238,H
2016-11-07 01:12:00 UTC,1.2,37,L
2016-11-07 07:20:00 UTC,7.2,219,H
2016-11-07 13:15:00 UTC,1.2,37,L
2016-11-07 19:50:00 UTC,7.9,241,H
2016-11-08 02:09:00 UTC,1.1,34,L
2016-11-08 08:16:00 UTC,7.4,226,H
2016-11-08 14:18:00 UTC,1.2,37,L
2016-11-08 20:47:00 UTC,8.0,244,H
2016-11-09 03:09:00 UTC,0.9,27,L
2016-11-09 09:14:00 UTC,7.8,238,H
2016-11-09 15:25:00 UTC,1.0,30,L
2016-11-09 21:45:00 UTC,8.2,250,H
2016-11-10 04:07:00 UTC,0.5,15,L
2016-11-10 10:12:00 UTC,8.3,253,H
2016-11-10 16:30:00 UTC,0.6,18,L
2016-11-10 22:43:00 UTC,8.4,256,H
2016-11-11 05:04:00 UTC,0.0,0,L
2016-11-11 11:10:00 UTC,8.8,268,H
2016-11-11 17:31:00 UTC,0.2,6,L
2016-11-11 23:41:00 UTC,8.7,265,H
2016-11-12 05:58:00 UTC,-0.4,-12,L
2016-11-12 12:07:00 UTC,9.4,287,H
2016-11-12 18:29:00 UTC,-0.2,-6,L
2016-11-13 00:37:00 UTC,8.9,271,H
2016-11-13 06:51:00 UTC,-0.8,-24,L
2016-11-13 13:02:00 UTC,9.9,302,H
2016-11-13 19:25:00 UTC,-0.5,-15,L
2016-11-14 01:31:00 UTC,9.0,274,H
2016-11-14 07:43:00 UTC,-1.1,-34,L
2016-11-14 13:55:00 UTC,10.2,311,H
2016-11-14 20:20:00 UTC,-0.7,-21,L
2016-11-15 02:23:00 UTC,9.1,277,H
2016-11-15 08:35:00 UTC,-1.2,-37,L
2016-11-15 14:47:00 UTC,10.3,314,H
2016-11-15 21:13:00 UTC,-0.8,-24,L
2016-11-16 03:15:00 UTC,8.9,271,H
2016-11-16 09:27:00 UTC,-1.1,-34,L
2016-11-16 15:39:00 UTC,10.2,311,H
2016-11-16 22:05:00 UTC,-0.6,-18,L
2016-11-17 04:09:00 UTC,8.7,265,H
2016-11-17 10:18:00 UTC,-0.9,-27,L
2016-11-17 16:34:00 UTC,9.8,299,H
2016-11-17 22:56:00 UTC,-0.4,-12,L
2016-11-18 05:06:00 UTC,8.3,253,H
2016-11-18 11:09:00 UTC,-0.5,-15,L
2016-11-18 17:31:00 UTC,9.4,287,H
2016-11-18 23:48:00 UTC,0.0,0,L
2016-11-19 06:06:00 UTC,8.0,244,H
2016-11-19 12:03:00 UTC,-0.1,-3,L
2016-11-19 18:29:00 UTC,8.9,271,H
2016-11-20 00:42:00 UTC,0.3,9,L
2016-11-20 07:07:00 UTC,7.8,238,H
2016-11-20 13:00:00 UTC,0.4,12,L
2016-11-20 19:27:00 UTC,8.5,259,H
2016-11-21 01:40:00 UTC,0.6,18,L
2016-11-21 08:06:00 UTC,7.6,232,H
2016-11-21 14:01:00 UTC,0.7,21,L
2016-11-21 20:22:00 UTC,8.1,247,H
2016-11-22 02:39:00 UTC,0.8,24,L
2016-11-22 09:02:00 UTC,7.6,232,H
2016-11-22 15:05:00 UTC,0.9,27,L
2016-11-22 21:16:00 UTC,7.9,241,H
2016-11-23 03:37:00 UTC,0.8,24,L
2016-11-23 09:56:00 UTC,7.7,235,H
2016-11-23 16:05:00 UTC,0.9,27,L
2016-11-23 22:07:00 UTC,7.7,235,H
2016-11-24 04:29:00 UTC,0.7,21,L
2016-11-24 10:48:00 UTC,7.8,238,H
2016-11-24 17:00:00 UTC,0.9,27,L
2016-11-24 22:58:00 UTC,7.6,232,H
2016-11-25 05:16:00 UTC,0.6,18,L
2016-11-25 11:38:00 UTC,8.0,244,H
2016-11-25 17:49:00 UTC,0.7,21,L
2016-11-25 23:46:00 UTC,7.6,232,H
2016-11-26 06:00:00 UTC,0.5,15,L
2016-11-26 12:24:00 UTC,8.2,250,H
2016-11-26 18:35:00 UTC,0.6,18,L
2016-11-27 00:32:00 UTC,7.7,235,H
2016-11-27 06:41:00 UTC,0.4,12,L
2016-11-27 13:07:00 UTC,8.4,256,H
2016-11-27 19:18:00 UTC,0.5,15,L
2016-11-28 01:16:00 UTC,7.7,235,H
2016-11-28 07:20:00 UTC,0.3,9,L
2016-11-28 13:48:00 UTC,8.5,259,H
2016-11-28 20:00:00 UTC,0.4,12,L
2016-11-29 01:57:00 UTC,7.7,235,H
2016-11-29 07:59:00 UTC,0.3,9,L
2016-11-29 14:26:00 UTC,8.5,259,H
2016-11-29 20:40:00 UTC,0.3,9,L
2016-11-30 02:36:00 UTC,7.6,232,H
2016-11-30 08:38:00 UTC,0.3,9,L
2016-11-30 15:03:00 UTC,8.5,259,H
2016-11-30 21:18:00 UTC,0.3,9,L
2016-12-01 03:13:00 UTC,7.5,229,H
2016-12-01 09:15:00 UTC,0.3,9,L
2016-12-01 15:38:00 UTC,8.3,253,H
2016-12-01 21:56:00 UTC,0.4,12,L
2016-12-02 03:50:00 UTC,7.3,223,H
2016-12-02 09:53:00 UTC,0.4,12,L
2016-12-02 16:13:00 UTC,8.2,250,H
2016-12-02 22:35:00 UTC,0.4,12,L
2016-12-03 04:27:00 UTC,7.2,219,H
2016-12-03 10:31:00 UTC,0.5,15,L
2016-12-03 16:50:00 UTC,8.0,244,H
2016-12-03 23:14:00 UTC,0.5,15,L
2016-12-04 05:09:00 UTC,7.1,216,H
2016-12-04 11:12:00 UTC,0.6,18,L
2016-12-04 17:33:00 UTC,7.9,241,H
2016-12-04 23:57:00 UTC,0.5,15,L
2016-12-05 05:56:00 UTC,7.1,216,H
2016-12-05 11:58:00 UTC,0.7,21,L
2016-12-05 18:22:00 UTC,7.8,238,H
2016-12-06 00:44:00 UTC,0.5,15,L
2016-12-06 06:50:00 UTC,7.2,219,H
2016-12-06 12:50:00 UTC,0.8,24,L
2016-12-06 19:17:00 UTC,7.7,235,H
2016-12-07 01:37:00 UTC,0.5,15,L
2016-12-07 07:47:00 UTC,7.4,226,H
2016-12-07 13:51:00 UTC,0.8,24,L
2016-12-07 20:15:00 UTC,7.7,235,H
2016-12-08 02:35:00 UTC,0.3,9,L
2016-12-08 08:45:00 UTC,7.8,238,H
2016-12-08 14:59:00 UTC,0.7,21,L
2016-12-08 21:14:00 UTC,7.8,238,H
2016-12-09 03:36:00 UTC,0.0,0,L
2016-12-09 09:45:00 UTC,8.2,250,H
2016-12-09 16:07:00 UTC,0.4,12,L
2016-12-09 22:14:00 UTC,7.9,241,H
2016-12-10 04:35:00 UTC,-0.3,-9,L
2016-12-10 10:45:00 UTC,8.7,265,H
2016-12-10 17:11:00 UTC,0.1,3,L
2016-12-10 23:15:00 UTC,8.0,244,H
2016-12-11 05:33:00 UTC,-0.7,-21,L
2016-12-11 11:45:00 UTC,9.1,277,H
2016-12-11 18:11:00 UTC,-0.3,-9,L
2016-12-12 00:14:00 UTC,8.2,250,H
2016-12-12 06:28:00 UTC,-1.0,-30,L
2016-12-12 12:43:00 UTC,9.5,290,H
2016-12-12 19:09:00 UTC,-0.6,-18,L
2016-12-13 01:12:00 UTC,8.4,256,H
2016-12-13 07:23:00 UTC,-1.3,-40,L
2016-12-13 13:38:00 UTC,9.8,299,H
2016-12-13 20:04:00 UTC,-0.8,-24,L
2016-12-14 02:06:00 UTC,8.5,259,H
2016-12-14 08:16:00 UTC,-1.4,-43,L
2016-12-14 14:32:00 UTC,9.9,302,H
2016-12-14 20:57:00 UTC,-0.9,-27,L
2016-12-15 02:59:00 UTC,8.4,256,H
2016-12-15 09:09:00 UTC,-1.4,-43,L
2016-12-15 15:23:00 UTC,9.8,299,H
2016-12-15 21:47:00 UTC,-0.9,-27,L
2016-12-16 03:52:00 UTC,8.3,253,H
2016-12-16 09:59:00 UTC,-1.2,-37,L
2016-12-16 16:15:00 UTC,9.4,287,H
2016-12-16 22:36:00 UTC,-0.7,-21,L
2016-12-17 04:46:00 UTC,8.0,244,H
2016-12-17 10:49:00 UTC,-0.8,-24,L
2016-12-17 17:08:00 UTC,9.0,274,H
2016-12-17 23:25:00 UTC,-0.4,-12,L
2016-12-18 05:41:00 UTC,7.7,235,H
2016-12-18 11:40:00 UTC,-0.4,-12,L
2016-12-18 18:01:00 UTC,8.5,259,H
2016-12-19 00:13:00 UTC,0.0,0,L
2016-12-19 06:38:00 UTC,7.5,229,H
2016-12-19 12:32:00 UTC,0.1,3,L
2016-12-19 18:54:00 UTC,8.0,244,H
2016-12-20 01:03:00 UTC,0.3,9,L
2016-12-20 07:33:00 UTC,7.3,223,H
2016-12-20 13:27:00 UTC,0.6,18,L
2016-12-20 19:46:00 UTC,7.6,232,H
2016-12-21 01:56:00 UTC,0.6,18,L
2016-12-21 08:27:00 UTC,7.2,219,H
2016-12-21 14:27:00 UTC,0.9,27,L
2016-12-21 20:37:00 UTC,7.2,219,H
2016-12-22 02:51:00 UTC,0.7,21,L
2016-12-22 09:19:00 UTC,7.2,219,H
2016-12-22 15:27:00 UTC,1.0,30,L
2016-12-22 21:28:00 UTC,7.0,213,H
2016-12-23 03:44:00 UTC,0.7,21,L
2016-12-23 10:11:00 UTC,7.3,223,H
2016-12-23 16:24:00 UTC,0.9,27,L
2016-12-23 22:18:00 UTC,6.9,210,H
2016-12-24 04:34:00 UTC,0.6,18,L
2016-12-24 11:02:00 UTC,7.4,226,H
2016-12-24 17:16:00 UTC,0.8,24,L
2016-12-24 23:09:00 UTC,6.9,210,H
2016-12-25 05:21:00 UTC,0.5,15,L
2016-12-25 11:51:00 UTC,7.6,232,H
2016-12-25 18:04:00 UTC,0.6,18,L
2016-12-25 23:59:00 UTC,7.0,213,H
2016-12-26 06:06:00 UTC,0.3,9,L
2016-12-26 12:38:00 UTC,7.9,241,H
2016-12-26 18:49:00 UTC,0.4,12,L
2016-12-27 00:47:00 UTC,7.1,216,H
2016-12-27 06:49:00 UTC,0.2,6,L
2016-12-27 13:22:00 UTC,8.0,244,H
2016-12-27 19:32:00 UTC,0.2,6,L
2016-12-28 01:31:00 UTC,7.2,219,H
2016-12-28 07:32:00 UTC,0.0,0,L
2016-12-28 14:03:00 UTC,8.2,250,H
2016-12-28 20:14:00 UTC,0.1,3,L
2016-12-29 02:12:00 UTC,7.2,219,H
2016-12-29 08:13:00 UTC,-0.1,-3,L
2016-12-29 14:41:00 UTC,8.2,250,H
2016-12-29 20:54:00 UTC,-0.1,-3,L
2016-12-30 02:50:00 UTC,7.3,223,H
2016-12-30 08:53:00 UTC,-0.1,-3,L
2016-12-30 15:17:00 UTC,8.2,250,H
2016-12-30 21:33:00 UTC,-0.1,-3,L
2016-12-31 03:27:00 UTC,7.3,223,H
2016-12-31 09:33:00 UTC,-0.2,-6,L
2016-12-31 15:53:00 UTC,8.1,247,H
2016-12-31 22:12:00 UTC,-0.2,-6,L
